010101010101010101010101010101010101010101010101010101010101
010100010001000100010001000100010001000100000100010001000100
010001000100010001000100010001000100010001000100010001000100
010000000001000100010000010000000000010000010101000000000100
010000010000000101010001010000000100000000000001000100010000
010000010101010101000000010000010001000100000100000000010100
000101010101000100010101000100010001010001010100000000010000
000001000001010000000000000101010000010001000001010001000100
000101010000000000010001000000010001010001000000010100010101
000000000101000100000000010100010000000000000100000100000101
010100000000000000000000000000000000000000000000000000000000
00000000000000000000000000000000000000
